beta: 1.000000e+00
discrepancy: 5.000000e-01
0.000000e+00 0.000000e+00 1


beta: 1.000000e+00
discrepancy: 3.125000e-02
0.000000e+00 2.500000e-01 2


beta: 1.000000e+00
discrepancy: 1.594388e-04
0.000000e+00 2.678571e-01 3


beta: 1.000000e+00
discrepancy: 4.236337e-09
0.000000e+00 2.679492e-01 4