beta: 1.000000e+00
discrepancy: 7.616067e-17
8.881784e-16 4.000000e+00 1