beta: 1.000000e+00
discrepancy: 0.000000e+00
0.000000e+00 4.000000e+00 1